AO-07
1 07530U 74089B   26043.00959668 -.00000019  00000-0  17053-3 0  9991
2 07530 101.9972  54.9235 0012237  11.4589   3.0972 12.53695763344837
UO-11
1 14781U 84021B   26042.89376588  .00001750  00000-0  18530-3 0  9997
2 14781  97.7900  10.0143 0006242 231.6584 128.4074 14.90408609238467
AO-27
1 22825U 93061C   26043.18423215  .00000117  00000-0  61597-4 0  9990
2 22825  98.7038 110.5678 0009486 106.0320 254.1908 14.30904293689123
FO-29
1 24278U 96046B   26043.21399938 -.00000003  00000-0  30662-4 0  9992
2 24278  98.5416 269.0755 0350740  60.7695 302.8042 13.53266828456260
GO-32
1 25397U 98043D   26042.96042175  .00000119  00000-0  71597-4 0  9992
2 25397  98.9992  32.6093 0001024 162.8071 197.3141 14.24398701433509
ISS
1 25544U 98067A   26043.14939979  .00009847  00000-0  18925-3 0  9992
2 25544  51.6314 198.6099 0011094  90.1489 270.0770 15.48559167552376
NO-44
1 26931U 01043C   26042.85432978  .00000233  00000-0  11794-3 0  9992
2 26931  67.0492 208.4263 0006989 265.9662  94.0641 14.31897201272500
SO-50
1 27607U 02058C   26043.25742596  .00001960  00000-0  24928-3 0  9996
2 27607  64.5530 155.4202 0074555 285.3089  73.9785 14.82680996245932
CO-55
1 27844U 03031E   26042.99207907  .00000389  00000-0  18761-3 0  9995
2 27844  98.6776  53.1116 0009481 182.7080 177.4049 14.24244085173855
CO-57
1 27848U 03031J   26042.98853445  .00000328  00000-0  16324-3 0  9998
2 27848  98.6804  52.9213 0009051 201.1686 158.9119 14.23542523173564
RS-22
1 27939U 03042A   26043.26152986  .00000796  00000-0  13170-3 0  9990
2 27939  98.3411 224.1192 0010472 309.1617 167.7198 14.73176797197154
CO-58
1 28895U 05043F   26043.22947602  .00002257  00000-0  36575-3 0  9996
2 28895  98.2784 196.3821 0013377 240.0634 119.9245 14.72203237 83364
CO-65
1 32785U 08021C   26043.23625942  .00007369  00000-0  48257-3 0  9998
2 32785  97.8155  22.2684 0011093  93.1260 267.1237 15.07988300966359
CO-66
1 32791U 08021J   26043.19284074  .00022819  00000-0  83781-3 0  9995
2 32791  97.7493  35.5925 0004980  58.0178 302.1544 15.27940046968170
RS-30
1 32953U 08025A   26043.19615742  .00000012  00000-0  15095-4 0  9994
2 32953  82.4992  73.1915 0018667 221.5749 138.3912 12.43174815804164
SRMSAT
1 37841U 11058D   26043.31314595  .00000449  00000-0  99885-4 0  9994
2 37841  19.9718  95.2903 0011506 270.5088 165.6049 14.11538093740154
ZACUBE-1
1 39417U 13066B   26043.18379499  .00007291  00000-0  58074-3 0  9991
2 39417  97.8178   4.8855 0040526 308.0228  51.7339 15.00019681661985
Delfi-N3xt
1 39428U 13066N   26043.22008873  .00009298  00000-0  84602-3 0  9998
2 39428  97.8349 323.8187 0075418 262.3562  96.9087 14.93243875655967
GOMX-1
1 39430U 13066Q   26043.21446493  .00002607  00000-0  39775-3 0  9992
2 39430  97.6585 251.5065 0130698 118.5075 242.9365 14.68989377651565
LO-74
1 39440U 13066AA  26043.29326913  .00005155  00000-0  48841-3 0  9990
2 39440  97.8777 351.9403 0060732  81.4468 279.3626 14.92641489658351
AO-73
1 39444U 13066AE  26042.88931256  .00009801  00000-0  64226-3 0  9997
2 39444  97.8140  12.0087 0035484 270.0620  89.6541 15.07400590660774
DTUSAT-2
1 40030U 14033W   26042.93730221  .00009268  00000-0  52823-3 0  9997
2 40030  98.0817  32.9307 0006562 311.9627  48.1042 15.13024622633731
EO-80
1 40032U 14033Y   26042.94350173  .00009495  00000-0  53912-3 0  9996
2 40032  98.0702  32.2480 0005846 232.9134 127.1561 15.13155439633713
LILACSAT-2
1 40908U 15049K   26043.23192242  .00019473  00000-0  38609-3 0  9993
2 40908  97.4854  75.5875 0007244   1.3966 358.7303 15.47053323576403
Horyu-4
1 41340U 16012D   26042.88382656  .00077399  00000-0  96501-3 0  9991
2 41340  30.9901 247.8788 0001168 131.7311 228.3441 15.58533064551075
Lapan A3
1 41603U 16040E   26043.22929859  .00004259  00000-0  13932-3 0  9997
2 41603  97.1464  43.5862 0012492 101.7762 258.4882 15.32147658535672
CAS-2T
1 41847U 16066G   26043.21457206  .00001990  00000-0  28672-3 0  9992
2 41847  98.3938 120.3403 0343629 148.5125 213.7145 14.44379162486756
TechnoSat
1 42829U 17042E   26043.01580363  .00004324  00000-0  31582-3 0  9995
2 42829  97.4084 205.6261 0018401 157.8353 202.3672 15.04030423467884
AO-91
1 43017U 17073E   26043.15850972  .00012033  00000-0  54684-3 0  9994
2 43017  97.4909 272.9981 0158476  40.0166 321.2614 15.10286515446503
S-Net D
1 43186U 18014G   26043.18719569  .00006773  00000-0  36295-3 0  9998
2 43186  97.5462 308.8134 0010416  90.4880 269.7546 15.15277977439821
S-Net B
1 43187U 18014H   26043.19629420  .00006922  00000-0  37105-3 0  9993
2 43187  97.5469 308.8050 0011036  87.0861 273.1634 15.15250519439826
S-Net A
1 43188U 18014J   26043.18665163  .00006810  00000-0  36480-3 0  9998
2 43188  97.5477 308.9816 0010953  87.4489 272.7997 15.15283967439824
S-Net C
1 43189U 18014K   26043.19951738  .00007082  00000-0  37952-3 0  9993
2 43189  97.5495 309.0495 0012338  81.1959 279.0670 15.15242841438375
Ten-Koh
1 43677U 18084G   26043.06642359  .00004280  00000-0  32897-3 0  9994
2 43677  98.0752 230.1840 0009604 177.1572 182.9708 15.02272807397375
PO-101
1 43678U 18084H   26043.23797375  .00001015  00000-0  87238-4 0  9996
2 43678  98.1061 234.2289 0009173 205.7568 154.3198 14.99829867397483
QO-100
1 43700U 18090A   26043.26498530  .00000152  00000-0  00000-0 0  9992
2 43700   0.0136 100.2375 0002515 269.5999 253.6285  1.00273866 26424
MinXSS-2
1 43758U 18099A   26043.17051961  .00033233  00000-0  87082-3 0  9991
2 43758  97.4688 116.5083 0008352   2.0029 358.1248 15.38587704394854
AO-95
1 43770U 18099N   26043.10258127  .00014080  00000-0  58790-3 0  9994
2 43770  97.4577 103.9733 0010477  72.3218 287.9162 15.23707154394152
SNUSat 2
1 43782U 18099AA  26043.12246203  .00009832  00000-0  46328-3 0  9994
2 43782  97.4253  98.5026 0011052  21.7639 338.4063 15.19654951394024
SnugLite
1 43784U 18099AC  26043.13928498  .00013692  00000-0  56560-3 0  9998
2 43784  97.4070  98.8041 0003410  37.3548 322.7926 15.24118418394252
ITASat 1
1 43786U 18099AE  26043.12305807  .00008018  00000-0  40516-3 0  9992
2 43786  97.4229  97.1712 0014462  71.7950 288.4856 15.17239388393931
EAGLET 1
1 43790U 18099AJ  26043.07476965  .00005189  00000-0  30668-3 0  9998
2 43790  97.4433  96.0334 0012714  62.5980 297.6542 15.11845017393424
ESEO
1 43792U 18099AL  26043.10480703  .00001998  00000-0  14931-3 0  9998
2 43792  97.4170  85.7705 0013580  47.9645 312.2734 15.03808342393000
JO-97
1 43803U 18099AX  26043.11055638  .00019986  00000-0  70414-3 0  9991
2 43803  97.4314 105.7988 0006000   7.0928 353.0396 15.29312136394488
Suomi 100
1 43804U 18099AY  26043.10264305  .00014304  00000-0  57046-3 0  9999
2 43804  97.4383 104.1328 0010505   9.6934 350.4505 15.25246786394336
ISAT
1 43879U 18111D   26043.21412840  .00063359  00000-0  12042-2 0  9997
2 43879  97.5902 330.6444 0008264  55.6457 304.5574 15.48011643391735
UWE-4
1 43880U 18111E   26043.25340904  .00036480  00000-0  96484-3 0  9992
2 43880  97.5854 326.6552 0011602  61.4140 298.8270 15.38247867391525
Sparrow
1 43881U 18111F   26042.77073461  .00064946  00000-0  11078-2 0  9993
2 43881  97.6102 334.3480 0008058  84.3051 275.9119 15.51094784391807
Prox-1
1 44339U 19036A   26041.73500466  .00014478  00000-0  15402-2 0  9994
2 44339  23.9949 236.8211 0007308  13.1265 346.9423 14.87168441354603
Taurus 1
1 44530U 19059C   26043.24686374  .00008440  00000-0  14028-2 0  9998
2 44530  98.6262 200.5623 0008208 342.1161  17.9753 14.70367121340275
TO-108
1 44881U 19093C   26043.23792179  .00001679  00000-0  19650-3 0  9999
2 44881  97.7661 118.4728 0014609 133.7835 226.4592 14.86283580332850
FloripaSat 1
1 44885U 19093G   26043.21018108  .00009454  00000-0  71884-3 0  9990
2 44885  97.7894 136.6882 0011942 131.4183 228.8070 15.02300548333876
RS-44
1 44909U 19096E   26043.15182905  .00000022  00000-0  36143-4 0  9992
2 44909  82.5172  62.7923 0218648  76.8119 285.7275 12.79746936286357
SALSAT
1 46495U 20068K   26042.93506626  .00010883  00000-0  40496-3 0  9991
2 46495  97.8839  38.5865 0011149  31.8599 328.3311 15.27636261296221
CSS (TIANHE-1)
1 48274U 21035A   26043.23740446  .00027248  00000-0  33631-3 0  9993
2 48274  41.4683   2.8971 0004187  69.0977 291.0309 15.59536312273633
CUTE
1 49263U 21088D   26043.23917059  .00042798  00000-0  44555-3 0  9990
2 49263  97.4261 134.0645 0004193  53.2867 306.8777 15.64453225242896
TeikyoSat 4
1 49396U 21102B   26043.08016531  .00002291  00000-0  14861-3 0  9993
2 49396  97.3840  77.3674 0012401  12.2402 347.9126 15.08991802233853
Z-Sat
1 49399U 21102E   26043.26216970  .00004712  00000-0  23999-3 0  9997
2 49399  97.3509  82.3588 0016079 328.2449  31.7814 15.17155422234497
KOSEN 1
1 49402U 21102H   26043.08592296  .00009145  00000-0  37009-3 0  9992
2 49402  97.3388  87.7214 0012657 292.0553  67.9340 15.24848349234944
HO-113
1 50466U 21131B   26043.30267492  .00000618  00000-0  20510-3 0  9993
2 50466  98.4982 136.4014 0005220 110.2254 249.9497 14.41216513217121
SNUGLITE 2
1 52899U 22065F   26042.97491303  .00001428  00000-0  28129-3 0  9998
2 52899  98.1983 188.1900 0008422  62.1797 298.0258 14.64056166192676
UmKA 1 (RS40S)
1 57172U 23091G   26043.21678717  .00007897  00000-0  37754-3 0  9991
2 57172  97.5243 102.4266 0013030 189.0981 171.0020 15.19203550145022
CubeBel-2 (EU11S)
1 57175U 23091K   26043.26942076  .00015054  00000-0  58733-3 0  9995
2 57175  97.5235 105.5585 0010467 188.7773 171.3284 15.25972012145231
RS-38S
1 57189U 23091Z   26043.29381197  .00020362  00000-0  66453-3 0  9990
2 57189  97.5259 110.5788 0008624 149.9410 210.2328 15.31773774145549
SONATE-2
1 59112U 24043Q   26042.96968193  .00034601  00000-0  63108-3 0  9991
2 59112  97.5360 186.7092 0008022 304.6657  55.3836 15.49338273108448
MO-122
1 60209U 24125G   26043.10943529  .00040810  00000-0  69293-3 0  9994
2 60209  97.2489 258.7231 0012393 326.1702  33.8758 15.51281678 90103
GRBBeta
1 60237U 24128C   26043.13811366  .00005115  00000-0  35752-3 0  9996
2 60237  61.9907 294.6480 0053667 108.9958 251.6960 15.05486184 87435
Curium One
1 60242U 24128H   26043.26698985  .00010465  00000-0  62767-3 0  9996
2 60242  61.9795 287.5124 0053374 105.9734 254.7250 15.10255540 87573
ROBUSTA-3A
1 60243U 24128J   26043.23238379  .00010972  00000-0  66937-3 0  9997
2 60243  61.9871 289.4529 0054015 103.4842 257.2279 15.09572291 87544
CatSat
1 60246U 24125J   26043.14439177  .00046537  00000-0  92912-3 0  9994
2 60246  97.2253 255.0857 0028416 285.0198  74.7907 15.46249072 87991
HYPERVIEW-1G (RS66S)
1 61772U 24199AP  26043.29292060  .00063675  00000-0  95598-3 0  9999
2 61772  97.3138 278.7619 0010163  25.9477 334.2285 15.54631740115157
AO-123
1 61781U 24199AY  26043.30257301  .00011806  00000-0  36535-3 0  9995
2 61781  97.3201 273.1261 0015482  41.3450 318.8961 15.33512099114770
HADES-R (SO-124)
1 62690U 25009CK  26032.99082617  .05625566  23964-5  28010-2 0  9991
2 62690  97.3531 123.7793 0009683 299.0009  61.0309 16.20765875 58841
HYDRA-T
1 62692U 25009CM  26028.19742799  .10589489  24473-5  20739-2 0  9999
2 62692  97.3569 119.0624 0010828 297.3030  62.7162 16.31546071 58115
JINJUSat 1B
1 63210U 25052A   26043.15132615  .00019125  00000-0  67673-3 0  9995
2 63210  97.4160 300.0180 0004171 139.6555 220.4995 15.29188165 50967
NUSHSAT 1
1 63211U 25052B   26043.22671906  .00024359  00000-0  82146-3 0  9992
2 63211  97.4143 300.3173 0004001 141.3380 218.8148 15.30704225 50999
TEVEL2-4
1 63213U 25052D   26043.19312472  .00022972  00000-0  79647-3 0  9991
2 63213  97.4059 299.6992 0002789 147.5298 212.6115 15.29819145 50973
TEVEL2-5
1 63214U 25052E   26043.20219053  .00022520  00000-0  78347-3 0  9990
2 63214  97.4060 299.6859 0002872 148.3421 211.7993 15.29711637 50979
TEVEL2-6
1 63215U 25052F   26043.21131495  .00022354  00000-0  77875-3 0  9995
2 63215  97.4059 299.6814 0002865 149.2747 210.8662 15.29668759 50971
TEVEL2-1
1 63217U 25052H   26042.67938195  .00019637  00000-0  69340-3 0  9996
2 63217  97.4036 298.9091 0002240 162.0163 198.1157 15.29255103 50881
TEVEL2-3
1 63218U 25052J   26043.13554502  .00020367  00000-0  71791-3 0  9990
2 63218  97.4040 299.3722 0002270 164.6237 195.5073 15.29305125 50952
TEVEL2-2
1 63219U 25052K   26043.20353145  .00021895  00000-0  77201-3 0  9998
2 63219  97.4041 299.4310 0002312 164.9626 195.1684 15.29280231 50965
TEVEL2-9
1 63237U 25052AD  26043.22952587  .00020320  00000-0  75321-3 0  9998
2 63237  97.4100 299.0692 0005125 211.3253 148.7681 15.27642578 50929
TEVEL2-7
1 63238U 25052AE  26042.72631004  .00017821  00000-0  66560-3 0  9998
2 63238  97.4102 298.5293 0005095 214.8905 145.2001 15.27421168 50840
TEVEL2-8
1 63239U 25052AF  26042.66743089  .00018685  00000-0  69815-3 0  9994
2 63239  97.4101 298.4525 0005163 215.1418 144.9481 15.27397062 50838
HYDRA-W
1 63490U 25052BL  26043.14665697  .00141026  00000-0  21114-2 0  9990
2 63490  97.3991 303.3154 0005104 167.0583 193.0802 15.54463503 51219
HADES-ICM (SO-125)
1 63492U 25052BN  26042.67076039  .00105219  00000-0  18366-2 0  9994
2 63492  97.4001 302.3043 0004887 180.4008 179.7241 15.50305301 51101
Dragonfly
1 65729U 98067XH  26031.05194254  .08662331  12285-4  96629-3 0  9997
2 65729  51.6000 237.6139 0006569 265.0285  94.9990 16.36242872 20999
RSP-03
1 65732U 98067XL  26043.27052805  .01497745  15995-2  14805-2 0  9995
2 65732  51.6120 176.7484 0009315 323.2165  36.8209 16.10910039 22908
BOTAN
1 65942U 98067XP  26042.80224071  .00400641  00000-0  14631-2 0  9996
2 65942  51.6168 186.4744 0007598 307.2999  52.7312 15.86770887 19475
CEVROSAT1
1 66309U 25248S   26043.11322065  .00004592  00000-0  22880-3 0  9993
2 66309  45.4042  71.6321 0001967  40.3163 319.7869 15.18969030 15488
SPIRONE
1 66657U 25274H   26043.21593315  .00003871  00000-0  37804-3 0  9998
2 66657  97.7421 334.3969 0014126  72.3677 287.9083 14.92900816 11576
K-HERO
1 66660U 25274L   26043.25727853  .00002695  00000-0  26170-3 0  9999
2 66660  97.7428 334.5029 0015724  75.5835 284.7129 14.93370215 11584
SNUGLITE-III DURI
1 66661U 25274M   26043.25073641  .00002225  00000-0  21643-3 0  9998
2 66661  97.7428 334.5082 0016372  76.5957 283.7086 14.93471909 11583
SilverSat
1 66909U 98067XV  26042.70038587  .00137849  00000-0  14215-2 0  9999
2 66909  51.6264 197.1110 0002523 274.1167  85.9539 15.63847385 11119
SAKHACUBE-CHOLBON
1 67290U 25313AU  26043.18328240  .00012042  00000-0  52493-3 0  9996
2 67290  97.4059 119.9511 0011007  78.5983 281.6489 15.22274282  6948
QMR-KWT
1 67291U 25313AV  26043.17901289  .00016779  00000-0  72240-3 0  9999
2 67291  97.4059 119.9565 0010633  77.9370 282.3058 15.22625517  6946
IO-86
1 40931U          25360.30710720  .00000000  00000-0  12800-3 0    00
2 40931   6.0006 332.5373 0012733 338.8432   8.1437 14.79075515    01
