ISS (ZARYA)             
1 25544U 98067A   26044.69819201  .00007793  00000+0  15142-3 0  9993
2 25544  51.6306 190.9508 0011049  94.7958 265.4292 15.48584309552618
CSS (TIANHE)            
1 48274U 21035A   26044.58219409  .00015139  00000+0  18873-3 0  9998
2 48274  41.4682 354.7278 0004138  82.4039 277.7269 15.59570502273843
ISS (NAUKA)             
1 49044U 21066A   26044.69819201  .00007793  00000+0  15142-3 0  9999
2 49044  51.6306 190.9508 0011049  94.7958 265.4292 15.48584309230443
FREGAT DEB              
1 49271U 11037PF  26043.19711552  .00044720  00000+0  72571-1 0  9990
2 49271  51.6523  17.0664 0935081   0.8468 359.3737 12.38472102209539
CSS (WENTIAN)           
1 53239U 22085A   26044.58219409  .00015139  00000+0  18873-3 0  9991
2 53239  41.4682 354.7278 0004138  82.4039 277.7269 15.59570502173849
CSS (MENGTIAN)          
1 54216U 22143A   26044.58219409  .00015139  00000+0  18873-3 0  9992
2 54216  41.4682 354.7278 0004138  82.4039 277.7269 15.59570502158646
PROGRESS-MS 31          
1 64751U 25146A   26044.69819201  .00007793  00000+0  15142-3 0  9994
2 64751  51.6306 190.9508 0011049  94.7958 265.4292 15.48584309  6750
TIANZHOU-9              
1 64786U 25149A   26044.58219409  .00015139  00000+0  18873-3 0  9994
2 64786  41.4682 354.7278 0004138  82.4039 277.7269 15.59570502255300
DRAGON CRS-33           
1 65304U 25186A   26044.69819201  .00007793  00000+0  15142-3 0  9993
2 65304  51.6306 190.9508 0011049  94.7958 265.4292 15.48584309   119
PROGRESS-MS 32          
1 65586U 25204A   26044.69819201  .00007793  00000+0  15142-3 0  9996
2 65586  51.6306 190.9508 0011049  94.7958 265.4292 15.48584309   278
CYGNUS NG-23            
1 65616U 25208A   26044.69819201  .00007793  00000+0  15142-3 0  9994
2 65616  51.6306 190.9508 0011049  94.7958 265.4292 15.48584309   227
ISS OBJECT XK           
1 65731U 98067XK  26044.57361958  .00313005  00000+0  11201-2 0  9990
2 65731  51.6223 174.3039 0005148 318.3189  41.7423 15.87416883 23042
RSP-03                  
1 65732U 98067XL  26044.75705030  .01941312  38480-2  13904-2 0  9991
2 65732  51.6110 168.6576 0009865 331.1827  28.8644 16.16116239 23149
YOTSUBA-KULOVER         
1 65941U 98067XN  26044.92702415  .00134966  00000+0  98478-3 0  9998
2 65941  51.6246 179.7162 0004374 296.4697  63.5853 15.72322960 19754
BOTAN                   
1 65942U 98067XP  26044.62775315  .00415996  00000+0  14110-2 0  9990
2 65942  51.6162 176.9072 0007926 319.0069  41.0339 15.88230459 19761
E-KAGAKU-1              
1 65943U 98067XQ  26044.61038670  .00127268  00000+0  93828-3 0  9992
2 65943  51.6267 181.3641 0004184 310.1577  49.9054 15.72107679 19704
HRC MONOBLOCK CAMERA    
1 66052U 98067XR  26044.69126934  .00044413  00000+0  54838-3 0  9991
2 66052  51.6269 186.4081 0001689   7.0564 353.0452 15.59695574 18641
HTV-X1                  
1 66174U 25241A   26044.69819201  .00007793  00000+0  15142-3 0  9991
2 66174  51.6306 190.9508 0011049  94.7958 265.4292 15.48584309   519
SZ-21 MODULE            
1 66515U 25246C   26044.22677372  .00034969  00000+0  32518-3 0  9996
2 66515  41.4764 353.7289 0002368 294.7377  65.3218 15.66676295 14234
SHENZHOU-22             
1 66645U 25272A   26044.58219409  .00015139  00000+0  18873-3 0  9997
2 66645  41.4682 354.7278 0004138  82.4039 277.7269 15.59570502267646
SOYUZ-MS 28             
1 66664U 25275A   26044.69819201  .00007793  00000+0  15142-3 0  9992
2 66664  51.6306 190.9508 0011049  94.7958 265.4292 15.48584309  1288
DUPLEX                  
1 66906U 98067XS  26044.94185601  .00034258  00000+0  51454-3 0  9990
2 66906  51.6281 188.0819 0001355  76.7932 283.3210 15.54550697 11430
ISS OBJECT XT           
1 66907U 98067XT  26044.64775474  .00104949  00000+0  11359-2 0  9995
2 66907  51.6268 187.6156 0002078 295.0599  65.0179 15.62747982 11414
ISS OBJECT XU           
1 66908U 98067XU  26044.64707534  .00104852  00000+0  11333-2 0  9993
2 66908  51.6260 187.6082 0001936 299.6563  60.4238 15.62783685 11413
SILVERSAT               
1 66909U 98067XV  26044.55324677  .00124119  00000+0  12580-2 0  9990
2 66909  51.6263 187.7333 0002749 293.7998  66.2709 15.64339222 11409
ISS OBJECT XW           
1 66910U 98067XW  26044.63745486  .00093835  00000+0  10213-2 0  9997
2 66910  51.6252 187.5401 0002037 327.1583  32.9284 15.62654303 11412
ISS OBJECT XX           
1 66911U 98067XX  26044.77458413  .00143289  00000+0  13632-2 0  9991
2 66911  51.6235 186.2005 0003572 313.6050  46.4648 15.65853496 11437
ISS OBJECT XY           
1 66912U 98067XY  26044.77369545  .00071234  00000+0  87787-3 0  9992
2 66912  51.6274 187.7075 0000376 314.4648  45.6314 15.59544600 11411
ISS OBJECT XZ           
1 67683U 98067XZ  26044.82058514  .00037408  00000+0  66168-3 0  9990
2 67683  51.6300 190.2688 0010689 108.9251 251.2897 15.49885626  1088
GXIBA-1                 
1 67684U 98067YA  26044.81754742  .00066032  00000+0  11252-2 0  9994
2 67684  51.6300 190.2494 0012431 103.4308 256.8068 15.50665745  1085
CORAL                   
1 67685U 98067YB  26044.88443400  .00042802  00000+0  75089-3 0  9996
2 67685  51.6299 189.9452 0012608 104.7725 255.4662 15.50031538  1098
ISS OBJECT YC           
1 67686U 98067YC  26044.81944580  .00047462  00000+0  82860-3 0  9997
2 67686  51.6305 190.2622 0007783  79.5576 280.6290 15.50176725  1086
LEOPARD                 
1 67687U 98067YD  26044.88469170  .00041146  00000+0  72510-3 0  9996
2 67687  51.6304 189.9473 0007864  81.4556 278.7324 15.49975126  1014
ISS OBJECT YE           
1 67688U 98067YE  26044.75515038  .00044176  00000+0  77402-3 0  9999
2 67688  51.6305 190.5829 0007770  80.0054 280.1811 15.50106813   998
CREW DRAGON 12          
1 67796U 26031A   26044.61047855  .00465694  11779-4  25516-3 0  9994
2 67796  51.6318 191.8838 0025866 226.1048 133.7834 16.18051748    32
