AO-73
1 39444U 13066AE  26044.48243776  .00008553  00000-0  56065-3 0  9993
2 39444  97.8137  13.6265 0035590 264.3262  95.3906 15.07429569661015
AO-27
1 22825U 93061C   26044.16319201  .00000114  00000-0  60274-4 0  9996
2 22825  98.7035 111.5480 0009502 103.4923 256.7319 14.30904561689268
AO-95
1 43770U 18099N   26044.15331377  .00011488  00000-0  47999-3 0  9997
2 43770  97.4575 105.0178 0010471  69.3101 290.9257 15.23734065394315
AO-123
1 61781U 24199AY  26044.54235029  .00009742  00000-0  30176-3 0  9996
2 61781  97.3199 274.3542 0015386  37.2757 322.9551 15.33536922114961
CO-55
1 27844U 03031E   26044.46738175  .00000394  00000-0  18963-3 0  9995
2 27844  98.6776  54.5682 0009573 178.4383 181.6827 14.24245380174062
CO-65
1 32785U 08021C   26044.49699906  .00006831  00000-0  44752-3 0  9997
2 32785  97.8154  23.5499 0011041  89.3966 270.8526 15.08004363966541
FO-29
1 24278U 96046B   26044.47086320  .00000012  00000-0  45974-4 0  9990
2 24278  98.5415 270.1627 0350717  57.5176 305.9358 13.53266926456434
GO-32
1 25397U 98043D   26044.50579983  .00000106  00000-0  66054-4 0  9994
2 25397  98.9995  34.1918 0001099 159.8299 200.2923 14.24399151433721
ISAT
1 43879U 18111D   26044.31298627  .00052829  00000-0  10018-2 0  9995
2 43879  97.5903 331.7973 0008120  53.7940 306.4060 15.48124733391907
ISS
1 25544U 98067A   26044.44006185  .00007804  00000-0  15165-3 0  9994
2 25544  51.6309 192.2278 0011012  93.6579 266.5669 15.48580324552575
JO-97
1 43803U 18099AX  26044.41915414  .00017295  00000-0  60905-3 0  9997
2 43803  97.4316 107.1067 0005795   2.8390 357.2882 15.29358831394680
LILACSAT-2
1 40908U 15049K   26044.52552619  .00017359  00000-0  34393-3 0  9991
2 40908  97.4850  76.9245 0007109 356.3694   3.7503 15.47099538576605
LO-74
1 39440U 13066AA  26044.43288745  .00004584  00000-0  43489-3 0  9995
2 39440  97.8776 353.0804 0060624  77.7631 283.0368 14.92650861658526
NO-44
1 26931U 01043C   26044.53068735  .00000212  00000-0  11023-3 0  9997
2 26931  67.0494 204.0907 0006998 266.0064  94.0238 14.31898168272748
PO-101
1 43678U 18084H   26044.50556082  .00001979  00000-0  16496-3 0  9991
2 43678  98.1055 235.5483 0009412 201.8289 158.2533 14.99838233397673
QO-100
1 43700U 18090A   26044.26342612  .00000151  00000-0  00000 0 0  9990
2 43700   0.0131 102.4223 0002546 268.4583 253.0165  1.00274290 26430
ROBUSTA-3A
1 60243U 24128J   26044.02725234  .00008701  00000-0  53368-3 0  9997
2 60243  61.9870 286.6512 0054071 103.6275 257.0848 15.09585334 87663
RS-44
1 44909U 19096E   26044.48088328  .00000035  00000-0  88383-4 0  9990
2 44909  82.5171  61.9086 0218638  73.7182 288.7846 12.79747006286527
SO-50
1 27607U 02058C   26044.47150573  .00001822  00000-0  23302-3 0  9991
2 27607  64.5532 151.6662 0074582 285.0864  74.1998 14.82685267246116
SONATE-2
1 59112U 24043Q   26044.39052267  .00035156  00000-0  63882-3 0  9991
2 59112  97.5361 188.1937 0008081 299.4210  60.6234 15.49440320108666
CSS (TIANHE)            
1 48274U 21035A   26044.58219409  .00015139  00000+0  18873-3 0  9998
2 48274  41.4682 354.7278 0004138  82.4039 277.7269 15.59570502273843
UO-11
1 14781U 84021B   26044.37078031  .00001834  00000-0  19391-3 0  9993
2 14781  97.7903  11.4707 0006332 225.8588 134.2109 14.90414159238685
Moon
1     1U     1A   26001.00000000  .00000000  00000-0  0000000 0  0001
2     1  28.3000   0.0000 0362000   0.0000   0.0000  0.03660000    01
